65462045
82968732
44000980
27440841
69400202
19647018
44353316
48013411
06912715
03979671
30999038
27158819
23266410
06657872
15651190
18339612
04853465
59820494
88814400
44193264
50816045
78148049
29146811
58346197
05566642
95375590
69987950
90239519
72743089
13698504
54102626
87143645
53993711
99670597
53471785
91319619
22377154
62394961
45187491
85063629
69319667
37391420
54075054
64771851
96539194
95408085
90031365
15365938
47701373
95075902
92890979
41581507
03815971
44851641
75349357
28201810
97136748
86793167
68594330
57378897
17771260
74326277
24086356
97555518
67146832
13441640
42974832
02085633
97645598
34780820
11077374
16408022
03983949
33718266
25129415
05774778
09922128
95190180
25468066
61957164
03033953
26260556
11006325
35544170
19298661
15843779
15185352
17607579
12320179
17167799
69652995
37656980
97774024
92773672
50386815
08148578
44552769
63179428
31963810
12250695